2627853824
2630968204
2630968476
2630968642
2630968645
2630968651
2630968715
2634166470
2636415473
2636415571
2636415596
2636415661
2636415844
2636415870
2636415927
2636415949
2639762762
2639762908
2639762914
2639763045
2639763152
2639763167
2639763170
2645727638
2524023181
2551306715
2600255092
2609459771
2609459807
2609459843
2615840647
2617270854
2617271079
2617271261
2617271279
2619619114
2619619236
2627853806
2630968442
2630968868
2634166386
2639763118
2639763179
2645727538
2645727550
2645727660
2503904002
2597490107
2597490137
2597490165
2597490166
2597490167
2645727668
2645727729
2645727787
2645727886
2645728007
2645728032
2645728053
2648501154
2648501690
2648501711
2648501744
2648501746
2651869648
2651869764
2651869806
2654587512
2654587517
2654587872
2654588021
2660238205
2667527493
2671181008
2671181081
2671181184
2675903372
2675903663
2681812999
2684623045
2684623054
2684623086
2684623094
2684623143
2687453122
2687453378
2687453615
2695420354
2713896803
2716884207
2716884863
2716884866
2718217708
2718217711
2718217745
2718217762
2718218018
2718218142
2718218248
2718218276
2718218316
2718218319
2718218328
2718218347
2718218428
2718218445
2721755502
2721755515
2721755516
2721755585
2721755586
2721755634
2721755635
2724679199
2648501128
2684623176
2684623182
2687453109
2687453157
2687453204
2687453264
2687453289
2716884864
2718218480
2721755478
2721755777
2721755807
2724679183
2724679200
2724679201
2728369132
2731957651
2731957653
2731957655
2731957657
2731957659
2731957660
2731957661
2731957931
2731957964
2734482180
2740892493
2740892495
2744054486
2744054488
2744054489
2744054887
2767802225
2767802227
2767802229
2767802230
2767802231
2767802234
2767802235
2767802236
2773857802
2773857892
2773857904
2773857995
2773858014
2775507147
2775507152
2775507161
2775507169
2775507170
2775507178
2775507179
2775507180
2775507233
2554235446
2506520047
2547132175
2547132138
2558309069
2540341129
2511231064
2548877022
2551306660
2554235394
2558309080
2558860255
2563366598
2563367048
2565956572
2579778565
2585427643
2585427654
2585427675
